7
7
5
11
6
2
5
5
8
9
8
7
5
7
7
27
2
4
12
5
3
4
10
2
5
3
5
11
26
4
14
42
4
5
6
2
15
5
2
6
12
7
16
7
22
5
8
4
5
4
2
24
46
5
4
4
6
3
4
10
13
5
5
24
7
6
3
24
6
3
3
5
9
9
3
6
3
4
6
4
14
26
4
12
7
2
5
4
7
7
7
3
6
2
2
4
6
5
14
2
6
2
22
7
4
16
9
5
25
6
13
7
5
8
4
13
4
7
6
38
5
12
10
7
13
3
6
10
5
14
11
10
9
8
5
2
4
7
2
15
7
8
2
2
5
5
5
8
10
5
5
3
21
4
12
5
2
15
8
6
37
6
4
3
2
7
4
4
19
13
7
6
7
9
5
3
9
3
7
4
7
5
11
9
5
9
2
3
2
12
6
2
12
7
11
2
15
23
23
10
2
5
11
2
4
2
2
5
13
17
9
18
3
6
8
4
6
6
3
15
13
11
2
16
9
5
10
6
4
5
5
6
12
7
2
16
51
5
15
5
19
2
11
5
5
4
7
9
13
4
6
4
4
10
49
18
5
13
6
5
5
25
6
9
7
6
3
13
7
2
2
2
5
12
5
18
8
12
10
12
7
3
9
2
10
10
6
3
5
2
3
16
17
8
7
7
11
4
11
7
3
9
2
7
7
15
6
7
18
2
2
12
11
5
12
13
4
19
5
3
7
28
5
2
6
13
6
9
6
5
8
16
7
5
5
5
12
24
10
4
45
11
18
7
6
17
11
6
17
4
4
16
11
3
9
5
9
30
4
5
5
19
21
23
10
3
5
7
5
5
3
8
7
4
4
3
14
10
9
5
2
13
4
2
4
32
11
5
11
13
13
8
5
2
4
5
3
24
9
4
4
11
5
2
5
19
14
9
6
6
3
22
15
12
13
8
8
22
10
5
2
10
4
2
5
2
2
8
4
12
10
10
6
7
6
9
4
15
6
5
11
6
3
6
3
6
4
8
4
7
13
18
8
5
8
6
3
9
14
8
4
2
4
2
12
4
3
8
8
4
15
5
6
6
19
8
2
5
12
21
12
19
7
8
5
9
4
5
23
8
8
4
12
11
14
4
6
5
16
4
5
11
11
2
10
7
29
3
6
6
5
4
2
3
6
7
4
4
8
5
14
5
5
7
11
4
5
18
13
9
2
6
5
6
9
5
5
9
14
10
15
3
4
13
8
17
3
8
11
2
2
5
11
2
9
19
8
12
9
2
16
6
10
14
5
5
9
7
3
2
8
8
11
7
9
28
2
9
4
5
4
7
8
10
3
5
43
2
3
5
6
12
13
13
3
8
4
5
4
7
7
8
8
8
34
5
3
8
5
6
8
2
9
4
8
11
10
2
4
8
6
19
4
5
6
18
7
13
26
5
18
2
5
5
12
4
8
4
6
7
7
13
7
6
9
3
7
9
10
6
8
13
13
2
3
8
12
4
2
8
3
3
2
9
7
7
10
5
5
6
5
10
6
13
5
10
5
3
5
7
10
7
12
17
11
5
10
7
3
2
2
5
21
13
2
6
7
6
4
11
3
9
10
16
4
3
10
16
7
9
4
3
5
4
8
3
54
2
8
6
7
5
2
5
9
8
2
3
10
9
2
17
7
12
7
9
2
14
23
6
3
10
4
12
5
4
4
8
13
3
6
11
16
8
7
16
17
10
17
7
7
6
5
12
3
8
21
7
4
17
2
13
4
9
3
11
9
6
9
12
19
9
2
11
3
4
9
26
8
9
8
6
10
6
9
7
16
35
9
4
8
12
7
49
4
18
5
10
2
13
10
17
18
4
14
12
9
9
4
18
2
6
7
2
6
2
6
14
29
7
5
9
11
2
12
3
19
3
5
14
26
12
8
10
5
11
2
12
15
4
2
7
25
4
5
8
2
5
4
5
8
16
11
26
24
10
5
5
4
4
6
8
11
5
4
11
8
8
8
13
15
11
6
11
3
2
5
4
6
13
25
9
3
3
3
7
10
13
8
17
2
3
2
3
17
16
2
2
11
2
14
9
8
26
6
3
18
4
4
3
17
11
5
8
7
4
10
5
11
7
10
4
17
12
17
6
4
4
3
32
3
12
4
2
6
7
4
6
8
4
10
9
3
19
6
4
22
8
5
5
10
12
7
12
11
12
9
9
2
8
17
2
9
19
7
13
6
30
14
5
15
9
23
18
15
4
18
15
5
5
12
8
8
6
4
9
3
6
16
7
5
6
2
3
4
6
4
21
5
5
2
8
6
10
6
17
4
5
5
6
8
23
2
9
6
2
7
7
4
2
2
6
13
4
16
9
21
11
6
11
6
6
7
4
5
8
2
9
13
18
6
5
2
9
14
16
12
7
6
2
6
8
3
13
13
8
30
12
11
11
3
2
9
4
4
3
12
11
2
2
3
7
2
4
13
7
3
4
6
4
19
5
7
24
23
10
6
4
4
6
5
10
13
2
11
3
14
13
6
4
5
6
6
2
5
5
30
17
7
4
6
12
7
6
8
7
10
5
4
16
4
6
12
7
15
21
5
4
25
5
16
13
17
5
9
3
4
9
10
7
16
2
6
11
6
11
10
4
19
14
8
4
17
7
11
5
8
8
16
3
4
5
37
4
11
6
9
2
8
6
8
5
5
15
4
3
3
2
3
4
12
20
3
5
5
2
3
4
14
5
6
6
5
2
2
12
7
8
11
3
4
14
11
6
4
5
6
19
14
8
9
26
4
9
15
5
2
3
10
5
18
22
6
7
13
10
4
16
9
9
5
4
12
2
10
15
4
6
4
21
6
17
2
7
5
8
4
4
6
5
4
6
9
9
14
10
10
6
6
6
2
2
4
10
3
11
9
9
45
3
6
6
6
26
5
8
18
5
7
20
4
5
7
13
2
2
5
12
21
11
7
2
5
10
6
5
15
2
2
2
11
2
4
11
11
8
4
7
10
10
8
5
12
40
4
5
3
8
10
3
10
3
2
12
14
5
14
15
14
18
3
9
13
5
2
6
5
9
2
7
5
3
3
5
4
7
5
5
12
4
28
7
10
23
2
6
3
15
12
9
5
6
17
11
10
8
2
8
5
38
19
4
3
8
8
8
36
10
5
8
13
8
6
16
2
24
3
5
9
16
3
4
6
6
8
5
5
9
15
8
14
3
8
2
20
5
6
3
10
15
9
4
8
10
9
26
2
4
8
7
2
10
10
6
12
5
2
4
8
4
7
18
3
45
2
5
17
3
2
9
7
22
5
6
6
13
10
4
2
2
4
22
17
20
5
9
3
2
4
15
21
6
5
2
8
2
5
2
12
3
2
11
13
8
7
7
6
11
13
4
5
8
12
6
10
18
6
3
3
7
14
7
16
11
15
6
4
9
5
13
6
4
14
2
23
3
3
2
11
7
4
6
4
8
10
6
5
10
7
2
18
11
3
37
9
3
3
8
2
15
9
18
5
6
5
3
3
19
4
12
6
9
13
6
24
2
19
8
6
6
2
17
24
23
4
13
3
2
6
2
5
7
6
10
26
6
4
5
13
2
5
7
4
5
8
3
4
16
5
20
13
6
10
4
13
6
35
8
12
10
13
2
5
2
6
4
15
19
4
5
5
5
3
6
10
9
6
2
19
3
13
2
4
9
7
7
5
6
3
2
6
2
7
5
3
5
11
5
15
11
5
9
16
10
4
4
5
13
4
5
9
14
7
38
18
4
4
2
11
11
6
6
6
7
4
5
8
11
10
3
2
5
8
24
21
4
12
17
6
4
3
7
4
6
3
2
3
4
2
2
10
9
18
4
5
2
8
4
13
15
10
2
7
6
2
3
4
4
5
5
3
2
6
4
10
6
5
9
9
4
13
9
5
6
31
5
24
4
6
10
3
13
5
4
2
4
10
4
5
11
5
4
2
3
14
9
5
8
3
11
9
10
10
14
15
17
18
5
8
6
12
7
4
5
19
8
6
7
2
19
5
6
8
5
4
2
9
6
2
9
6
9
13
26
10
7
3
7
6
22
2
6
6
3
2
4
5
9
9
5
3
11
5
12
4
7
11
10
11
6
6
4
5
4
16
7
6
19
5
4
8
5
2
6
12
8
2
2
6
8
16
8
4
2
7
5
4
13
5
3
11
11
18
5
7
9
11
22
4
2
4
16
11
2
5
4
5
18
17
2
8
2
13
2
5
10
7
8
2
20
4
4
7
6
8
5
6
10
6
6
6
2
2
7
11
21
5
5
7
25
5
9
4
2
15
4
30
36
4
2
7
13
12
2
43
2
23
7
12
17
14
5
5
4
4
7
4
11
10
4
5
6
2
5
14
4
11
8
5
4
5
3
21
3
11
12
13
12
3
7
4
12
4
4
15
27
6
5
3
4
20
22
7
35
8
2
7
5
8
9
3
9
2
6
13
11
9
2
